<?xml version="1.0" encoding="UTF-8" standalone="no" ?>
<COLLADA xmlns="http://www.collada.org/2005/11/COLLADASchema" version="1.4.1">
    <asset>
        <contributor>
            <authoring_tool>SketchUp 17.2.2555</authoring_tool>
        </contributor>
        <created>2020-05-18T15:14:22Z</created>
        <modified>2020-05-18T15:14:22Z</modified>
        <unit meter="0.0254" name="inch" />
        <up_axis>Z_UP</up_axis>
    </asset>
    <library_cameras>
        <camera id="ID1" name="skp_camera_Last_Saved_SketchUp_View">
            <optics>
                <technique_common>
                    <perspective>
                        <yfov>35</yfov>
                        <aspect_ratio>1.777778</aspect_ratio>
                        <znear>1</znear>
                        <zfar>1000</zfar>
                    </perspective>
                </technique_common>
            </optics>
        </camera>
    </library_cameras>
    <library_visual_scenes>
        <visual_scene id="ID2">
            <node name="SketchUp">
                <instance_geometry url="#ID1225">
                    <bind_material>
                        <technique_common>
                            <instance_material symbol="Material2" target="#ID1226">
                                <bind_vertex_input semantic="UVSET0" input_semantic="TEXCOORD" input_set="0" />
                            </instance_material>
                        </technique_common>
                    </bind_material>
                </instance_geometry>
                <node name="skp_camera_Last_Saved_SketchUp_View">
                    <matrix>-0.8831127 -0.2177621 0.4155618 409.1645 0.4691609 -0.4098988 0.7822218 686.9692 2.775558e-17 0.8857554 0.4641523 447.3071 0 0 0 1</matrix>
                    <instance_camera url="#ID1" />
                </node>
                <node id="ID3" name="group_0">
                    <matrix>0.9659258 1.528041e-14 0.258819 -0.1032749 -0.258819 1.390248e-14 0.9659258 -0.396088 -1.116151e-14 1 -1.738363e-14 3.694822e-13 0 0 0 1</matrix>
                    <node id="ID4" name="instance_0">
                        <matrix>1 0 0 0 0 1 0 0 0 0 1 0 0 0 0 1</matrix>
                        <instance_node url="#ID5" />
                    </node>
                    <node id="ID173" name="instance_1">
                        <matrix>0.7071068 -0.7071068 -2.804489e-29 17.77659 0.7071068 0.7071068 0 19.88953 1.983073e-29 -1.983073e-29 1 0.3740157 0 0 0 1</matrix>
                        <instance_node url="#ID174" />
                    </node>
                    <node id="ID191" name="instance_2">
                        <matrix>0.7071068 -0.7071068 -2.804489e-29 17.77659 0.7071068 0.7071068 0 4.021388 1.983073e-29 -1.983073e-29 1 0.3740157 0 0 0 1</matrix>
                        <instance_node url="#ID174" />
                    </node>
                    <node id="ID192" name="instance_3">
                        <matrix>0.7071068 -0.7071068 -2.804489e-29 17.77659 0.7071068 0.7071068 0 32.58405 1.983073e-29 -1.983073e-29 1 0.3740157 0 0 0 1</matrix>
                        <instance_node url="#ID174" />
                    </node>
                    <node id="ID193" name="instance_4">
                        <matrix>0.7071068 -0.7071068 -2.804489e-29 1.908448 0.7071068 0.7071068 0 16.7159 1.983073e-29 -1.983073e-29 1 0.3740157 0 0 0 1</matrix>
                        <instance_node url="#ID174" />
                    </node>
                    <node id="ID194" name="instance_5">
                        <matrix>0.7071068 -0.7071068 -2.804489e-29 1.908448 0.7071068 0.7071068 0 57.97308 1.983073e-29 -1.983073e-29 1 0.3740157 0 0 0 1</matrix>
                        <instance_node url="#ID174" />
                    </node>
                    <node id="ID195" name="instance_6">
                        <matrix>0.7071068 -0.7071068 -2.804489e-29 1.908448 0.7071068 0.7071068 0 29.41042 1.983073e-29 -1.983073e-29 1 0.3740157 0 0 0 1</matrix>
                        <instance_node url="#ID174" />
                    </node>
                    <node id="ID196" name="instance_7">
                        <matrix>0.7071068 -0.7071068 -2.804489e-29 1.908448 0.7071068 0.7071068 0 45.27856 1.983073e-29 -1.983073e-29 1 0.3740157 0 0 0 1</matrix>
                        <instance_node url="#ID174" />
                    </node>
                    <node id="ID197" name="instance_8">
                        <matrix>0.7071068 -0.7071068 -2.804489e-29 1.908448 0.7071068 0.7071068 0 48.45219 1.983073e-29 -1.983073e-29 1 0.3740157 0 0 0 1</matrix>
                        <instance_node url="#ID174" />
                    </node>
                    <node id="ID198" name="instance_9">
                        <matrix>0.7071068 -0.7071068 -2.804489e-29 1.908448 0.7071068 0.7071068 0 32.58405 1.983073e-29 -1.983073e-29 1 0.3740157 0 0 0 1</matrix>
                        <instance_node url="#ID174" />
                    </node>
                    <node id="ID199" name="instance_10">
                        <matrix>0.7071068 -0.7071068 -2.804489e-29 1.908448 0.7071068 0.7071068 0 35.75768 1.983073e-29 -1.983073e-29 1 0.3740157 0 0 0 1</matrix>
                        <instance_node url="#ID174" />
                    </node>
                    <node id="ID200" name="instance_11">
                        <matrix>0.7071068 -0.7071068 -2.804489e-29 1.908448 0.7071068 0.7071068 0 51.62582 1.983073e-29 -1.983073e-29 1 0.3740157 0 0 0 1</matrix>
                        <instance_node url="#ID174" />
                    </node>
                    <node id="ID201" name="instance_12">
                        <matrix>0.7071068 -0.7071068 -2.804489e-29 1.908448 0.7071068 0.7071068 0 38.93131 1.983073e-29 -1.983073e-29 1 0.3740157 0 0 0 1</matrix>
                        <instance_node url="#ID174" />
                    </node>
                    <node id="ID202" name="instance_13">
                        <matrix>0.7071068 -0.7071068 -2.804489e-29 16.18978 0.7071068 0.7071068 0 15.12909 1.983073e-29 -1.983073e-29 1 0.3740157 0 0 0 1</matrix>
                        <instance_node url="#ID174" />
                    </node>
                    <node id="ID203" name="instance_14">
                        <matrix>0.7071068 -0.7071068 -2.804489e-29 13.01615 0.7071068 0.7071068 0 53.21264 1.983073e-29 -1.983073e-29 1 0.3740157 0 0 0 1</matrix>
                        <instance_node url="#ID174" />
                    </node>
                    <node id="ID204" name="instance_15">
                        <matrix>0.7071068 -0.7071068 -2.804489e-29 13.01615 0.7071068 0.7071068 0 11.95546 1.983073e-29 -1.983073e-29 1 0.3740157 0 0 0 1</matrix>
                        <instance_node url="#ID174" />
                    </node>
                    <node id="ID205" name="instance_16">
                        <matrix>0.7071068 -0.7071068 -2.804489e-29 13.01615 0.7071068 0.7071068 0 5.608202 1.983073e-29 -1.983073e-29 1 0.3740157 0 0 0 1</matrix>
                        <instance_node url="#ID174" />
                    </node>
                    <node id="ID206" name="instance_17">
                        <matrix>0.7071068 -0.7071068 -2.804489e-29 13.01615 0.7071068 0.7071068 0 40.51812 1.983073e-29 -1.983073e-29 1 0.3740157 0 0 0 1</matrix>
                        <instance_node url="#ID174" />
                    </node>
                    <node id="ID207" name="instance_18">
                        <matrix>0.7071068 -0.7071068 -2.804489e-29 13.01615 0.7071068 0.7071068 0 30.99723 1.983073e-29 -1.983073e-29 1 0.3740157 0 0 0 1</matrix>
                        <instance_node url="#ID174" />
                    </node>
                    <node id="ID208" name="instance_19">
                        <matrix>0.7071068 -0.7071068 -2.804489e-29 11.42933 0.7071068 0.7071068 0 48.45219 1.983073e-29 -1.983073e-29 1 0.3740157 0 0 0 1</matrix>
                        <instance_node url="#ID174" />
                    </node>
                    <node id="ID209" name="instance_20">
                        <matrix>0.7071068 -0.7071068 -2.804489e-29 11.42933 0.7071068 0.7071068 0 29.41042 1.983073e-29 -1.983073e-29 1 0.3740157 0 0 0 1</matrix>
                        <instance_node url="#ID174" />
                    </node>
                    <node id="ID210" name="instance_21">
                        <matrix>0.7071068 -0.7071068 -2.804489e-29 11.42933 0.7071068 0.7071068 0 57.97308 1.983073e-29 -1.983073e-29 1 0.3740157 0 0 0 1</matrix>
                        <instance_node url="#ID174" />
                    </node>
                    <node id="ID211" name="instance_22">
                        <matrix>0.7071068 -0.7071068 -2.804489e-29 1.908448 0.7071068 0.7071068 0 26.23679 1.983073e-29 -1.983073e-29 1 0.3740157 0 0 0 1</matrix>
                        <instance_node url="#ID174" />
                    </node>
                    <node id="ID212" name="instance_23">
                        <matrix>0.7071068 -0.7071068 -2.804489e-29 5.082076 0.7071068 0.7071068 0 61.14671 1.983073e-29 -1.983073e-29 1 0.3740157 0 0 0 1</matrix>
                        <instance_node url="#ID174" />
                    </node>
                    <node id="ID213" name="instance_24">
                        <matrix>0.7071068 -0.7071068 -2.804489e-29 3.495262 0.7071068 0.7071068 0 59.55989 1.983073e-29 -1.983073e-29 1 0.3740157 0 0 0 1</matrix>
                        <instance_node url="#ID174" />
                    </node>
                    <node id="ID214" name="instance_25">
                        <matrix>0.7071068 -0.7071068 -2.804489e-29 16.18978 0.7071068 0.7071068 0 59.55989 1.983073e-29 -1.983073e-29 1 0.3740157 0 0 0 1</matrix>
                        <instance_node url="#ID174" />
                    </node>
                    <node id="ID215" name="instance_26">
                        <matrix>0.7071068 -0.7071068 -2.804489e-29 9.84252 0.7071068 0.7071068 0 40.51812 1.983073e-29 -1.983073e-29 1 0.3740157 0 0 0 1</matrix>
                        <instance_node url="#ID174" />
                    </node>
                    <node id="ID216" name="instance_27">
                        <matrix>0.7071068 -0.7071068 -2.804489e-29 6.668891 0.7071068 0.7071068 0 11.95546 1.983073e-29 -1.983073e-29 1 0.3740157 0 0 0 1</matrix>
                        <instance_node url="#ID174" />
                    </node>
                    <node id="ID217" name="instance_28">
                        <matrix>0.7071068 -0.7071068 -2.804489e-29 3.495262 0.7071068 0.7071068 0 21.47635 1.983073e-29 -1.983073e-29 1 0.3740157 0 0 0 1</matrix>
                        <instance_node url="#ID174" />
                    </node>
                    <node id="ID218" name="instance_29">
                        <matrix>0.7071068 -0.7071068 -2.804489e-29 11.42933 0.7071068 0.7071068 0 61.14671 1.983073e-29 -1.983073e-29 1 0.3740157 0 0 0 1</matrix>
                        <instance_node url="#ID174" />
                    </node>
                    <node id="ID219" name="instance_30">
                        <matrix>0.7071068 -0.7071068 -2.804489e-29 11.42933 0.7071068 0.7071068 0 7.195017 1.983073e-29 -1.983073e-29 1 0.3740157 0 0 0 1</matrix>
                        <instance_node url="#ID174" />
                    </node>
                    <node id="ID220" name="instance_31">
                        <matrix>0.7071068 -0.7071068 -2.804489e-29 9.84252 0.7071068 0.7071068 0 37.34449 1.983073e-29 -1.983073e-29 1 0.3740157 0 0 0 1</matrix>
                        <instance_node url="#ID174" />
                    </node>
                    <node id="ID221" name="instance_32">
                        <matrix>0.7071068 -0.7071068 -2.804489e-29 9.84252 0.7071068 0.7071068 0 15.12909 1.983073e-29 -1.983073e-29 1 0.3740157 0 0 0 1</matrix>
                        <instance_node url="#ID174" />
                    </node>
                    <node id="ID222" name="instance_33">
                        <matrix>0.7071068 -0.7071068 -2.804489e-29 9.84252 0.7071068 0.7071068 0 46.86538 1.983073e-29 -1.983073e-29 1 0.3740157 0 0 0 1</matrix>
                        <instance_node url="#ID174" />
                    </node>
                    <node id="ID223" name="instance_34">
                        <matrix>0.7071068 -0.7071068 -2.804489e-29 6.668891 0.7071068 0.7071068 0 27.8236 1.983073e-29 -1.983073e-29 1 0.3740157 0 0 0 1</matrix>
                        <instance_node url="#ID174" />
                    </node>
                    <node id="ID224" name="instance_35">
                        <matrix>0.7071068 -0.7071068 -2.804489e-29 3.495262 0.7071068 0.7071068 0 62.73352 1.983073e-29 -1.983073e-29 1 0.3740157 0 0 0 1</matrix>
                        <instance_node url="#ID174" />
                    </node>
                    <node id="ID225" name="instance_36">
                        <matrix>0.7071068 -0.7071068 -2.804489e-29 9.84252 0.7071068 0.7071068 0 21.47635 1.983073e-29 -1.983073e-29 1 0.3740157 0 0 0 1</matrix>
                        <instance_node url="#ID174" />
                    </node>
                    <node id="ID226" name="instance_37">
                        <matrix>0.7071068 -0.7071068 -2.804489e-29 6.668891 0.7071068 0.7071068 0 37.34449 1.983073e-29 -1.983073e-29 1 0.3740157 0 0 0 1</matrix>
                        <instance_node url="#ID174" />
                    </node>
                    <node id="ID227" name="instance_38">
                        <matrix>0.7071068 -0.7071068 -2.804489e-29 14.60296 0.7071068 0.7071068 0 38.93131 1.983073e-29 -1.983073e-29 1 0.3740157 0 0 0 1</matrix>
                        <instance_node url="#ID174" />
                    </node>
                    <node id="ID228" name="instance_39">
                        <matrix>0.7071068 -0.7071068 -2.804489e-29 14.60296 0.7071068 0.7071068 0 16.7159 1.983073e-29 -1.983073e-29 1 0.3740157 0 0 0 1</matrix>
                        <instance_node url="#ID174" />
                    </node>
                    <node id="ID229" name="instance_40">
                        <matrix>0.7071068 -0.7071068 -2.804489e-29 14.60296 0.7071068 0.7071068 0 19.88953 1.983073e-29 -1.983073e-29 1 0.3740157 0 0 0 1</matrix>
                        <instance_node url="#ID174" />
                    </node>
                    <node id="ID230" name="instance_41">
                        <matrix>0.7071068 -0.7071068 -2.804489e-29 8.255705 0.7071068 0.7071068 0 35.75768 1.983073e-29 -1.983073e-29 1 0.3740157 0 0 0 1</matrix>
                        <instance_node url="#ID174" />
                    </node>
                    <node id="ID231" name="instance_42">
                        <matrix>0.7071068 -0.7071068 -2.804489e-29 5.082076 0.7071068 0.7071068 0 7.195017 1.983073e-29 -1.983073e-29 1 0.3740157 0 0 0 1</matrix>
                        <instance_node url="#ID174" />
                    </node>
                    <node id="ID232" name="instance_43">
                        <matrix>0.7071068 -0.7071068 -2.804489e-29 17.77659 0.7071068 0.7071068 0 61.14671 1.983073e-29 -1.983073e-29 1 0.3740157 0 0 0 1</matrix>
                        <instance_node url="#ID174" />
                    </node>
                    <node id="ID233" name="instance_44">
                        <matrix>0.7071068 -0.7071068 -2.804489e-29 17.77659 0.7071068 0.7071068 0 7.195017 1.983073e-29 -1.983073e-29 1 0.3740157 0 0 0 1</matrix>
                        <instance_node url="#ID174" />
                    </node>
                    <node id="ID234" name="instance_45">
                        <matrix>0.7071068 -0.7071068 -2.804489e-29 6.668891 0.7071068 0.7071068 0 53.21264 1.983073e-29 -1.983073e-29 1 0.3740157 0 0 0 1</matrix>
                        <instance_node url="#ID174" />
                    </node>
                    <node id="ID235" name="instance_46">
                        <matrix>0.7071068 -0.7071068 -2.804489e-29 14.60296 0.7071068 0.7071068 0 42.10493 1.983073e-29 -1.983073e-29 1 0.3740157 0 0 0 1</matrix>
                        <instance_node url="#ID174" />
                    </node>
                    <node id="ID236" name="instance_47">
                        <matrix>0.7071068 -0.7071068 -2.804489e-29 14.60296 0.7071068 0.7071068 0 23.06316 1.983073e-29 -1.983073e-29 1 0.3740157 0 0 0 1</matrix>
                        <instance_node url="#ID174" />
                    </node>
                    <node id="ID237" name="instance_48">
                        <matrix>0.7071068 -0.7071068 -2.804489e-29 6.668891 0.7071068 0.7071068 0 21.47635 1.983073e-29 -1.983073e-29 1 0.3740157 0 0 0 1</matrix>
                        <instance_node url="#ID174" />
                    </node>
                    <node id="ID238" name="instance_49">
                        <matrix>0.7071068 -0.7071068 -2.804489e-29 6.668891 0.7071068 0.7071068 0 59.55989 1.983073e-29 -1.983073e-29 1 0.3740157 0 0 0 1</matrix>
                        <instance_node url="#ID174" />
                    </node>
                    <node id="ID239" name="instance_50">
                        <matrix>0.7071068 -0.7071068 -2.804489e-29 17.77659 0.7071068 0.7071068 0 35.75768 1.983073e-29 -1.983073e-29 1 0.3740157 0 0 0 1</matrix>
                        <instance_node url="#ID174" />
                    </node>
                    <node id="ID240" name="instance_51">
                        <matrix>0.7071068 -0.7071068 -2.804489e-29 17.77659 0.7071068 0.7071068 0 13.54227 1.983073e-29 -1.983073e-29 1 0.3740157 0 0 0 1</matrix>
                        <instance_node url="#ID174" />
                    </node>
                    <node id="ID241" name="instance_52">
                        <matrix>0.7071068 -0.7071068 -2.804489e-29 17.77659 0.7071068 0.7071068 0 48.45219 1.983073e-29 -1.983073e-29 1 0.3740157 0 0 0 1</matrix>
                        <instance_node url="#ID174" />
                    </node>
                    <node id="ID242" name="instance_53">
                        <matrix>0.7071068 -0.7071068 -2.804489e-29 8.255705 0.7071068 0.7071068 0 45.27856 1.983073e-29 -1.983073e-29 1 0.3740157 0 0 0 1</matrix>
                        <instance_node url="#ID174" />
                    </node>
                    <node id="ID243" name="instance_54">
                        <matrix>0.7071068 -0.7071068 -2.804489e-29 3.495262 0.7071068 0.7071068 0 56.38626 1.983073e-29 -1.983073e-29 1 0.3740157 0 0 0 1</matrix>
                        <instance_node url="#ID174" />
                    </node>
                    <node id="ID244" name="instance_55">
                        <matrix>0.7071068 -0.7071068 -2.804489e-29 1.908448 0.7071068 0.7071068 0 54.79945 1.983073e-29 -1.983073e-29 1 0.3740157 0 0 0 1</matrix>
                        <instance_node url="#ID174" />
                    </node>
                    <node id="ID245" name="instance_56">
                        <matrix>0.7071068 -0.7071068 -2.804489e-29 13.01615 0.7071068 0.7071068 0 27.8236 1.983073e-29 -1.983073e-29 1 0.3740157 0 0 0 1</matrix>
                        <instance_node url="#ID174" />
                    </node>
                    <node id="ID246" name="instance_57">
                        <matrix>0.7071068 -0.7071068 -2.804489e-29 6.668891 0.7071068 0.7071068 0 46.86538 1.983073e-29 -1.983073e-29 1 0.3740157 0 0 0 1</matrix>
                        <instance_node url="#ID174" />
                    </node>
                    <node id="ID247" name="instance_58">
                        <matrix>0.7071068 -0.7071068 -2.804489e-29 8.255705 0.7071068 0.7071068 0 29.41042 1.983073e-29 -1.983073e-29 1 0.3740157 0 0 0 1</matrix>
                        <instance_node url="#ID174" />
                    </node>
                    <node id="ID248" name="instance_59">
                        <matrix>0.7071068 -0.7071068 -2.804489e-29 14.60296 0.7071068 0.7071068 0 57.97308 1.983073e-29 -1.983073e-29 1 0.3740157 0 0 0 1</matrix>
                        <instance_node url="#ID174" />
                    </node>
                    <node id="ID249" name="instance_60">
                        <matrix>0.7071068 -0.7071068 -2.804489e-29 14.60296 0.7071068 0.7071068 0 45.27856 1.983073e-29 -1.983073e-29 1 0.3740157 0 0 0 1</matrix>
                        <instance_node url="#ID174" />
                    </node>
                    <node id="ID250" name="instance_61">
                        <matrix>0.7071068 -0.7071068 -2.804489e-29 14.60296 0.7071068 0.7071068 0 10.36865 1.983073e-29 -1.983073e-29 1 0.3740157 0 0 0 1</matrix>
                        <instance_node url="#ID174" />
                    </node>
                    <node id="ID251" name="instance_62">
                        <matrix>0.7071068 -0.7071068 -2.804489e-29 5.082076 0.7071068 0.7071068 0 35.75768 1.983073e-29 -1.983073e-29 1 0.3740157 0 0 0 1</matrix>
                        <instance_node url="#ID174" />
                    </node>
                    <node id="ID252" name="instance_63">
                        <matrix>0.7071068 -0.7071068 -2.804489e-29 5.082076 0.7071068 0.7071068 0 13.54227 1.983073e-29 -1.983073e-29 1 0.3740157 0 0 0 1</matrix>
                        <instance_node url="#ID174" />
                    </node>
                    <node id="ID253" name="instance_64">
                        <matrix>0.7071068 -0.7071068 -2.804489e-29 9.84252 0.7071068 0.7071068 0 62.73352 1.983073e-29 -1.983073e-29 1 0.3740157 0 0 0 1</matrix>
                        <instance_node url="#ID174" />
                    </node>
                    <node id="ID254" name="instance_65">
                        <matrix>0.7071068 -0.7071068 -2.804489e-29 6.668891 0.7071068 0.7071068 0 40.51812 1.983073e-29 -1.983073e-29 1 0.3740157 0 0 0 1</matrix>
                        <instance_node url="#ID174" />
                    </node>
                    <node id="ID255" name="instance_66">
                        <matrix>0.7071068 -0.7071068 -2.804489e-29 16.18978 0.7071068 0.7071068 0 62.73352 1.983073e-29 -1.983073e-29 1 0.3740157 0 0 0 1</matrix>
                        <instance_node url="#ID174" />
                    </node>
                    <node id="ID256" name="instance_67">
                        <matrix>0.7071068 -0.7071068 -2.804489e-29 16.18978 0.7071068 0.7071068 0 56.38626 1.983073e-29 -1.983073e-29 1 0.3740157 0 0 0 1</matrix>
                        <instance_node url="#ID174" />
                    </node>
                    <node id="ID257" name="instance_68">
                        <matrix>0.7071068 -0.7071068 -2.804489e-29 9.84252 0.7071068 0.7071068 0 30.99723 1.983073e-29 -1.983073e-29 1 0.3740157 0 0 0 1</matrix>
                        <instance_node url="#ID174" />
                    </node>
                    <node id="ID258" name="instance_69">
                        <matrix>0.7071068 -0.7071068 -2.804489e-29 9.84252 0.7071068 0.7071068 0 5.608202 1.983073e-29 -1.983073e-29 1 0.3740157 0 0 0 1</matrix>
                        <instance_node url="#ID174" />
                    </node>
                    <node id="ID259" name="instance_70">
                        <matrix>0.7071068 -0.7071068 -2.804489e-29 6.668891 0.7071068 0.7071068 0 34.17086 1.983073e-29 -1.983073e-29 1 0.3740157 0 0 0 1</matrix>
                        <instance_node url="#ID174" />
                    </node>
                    <node id="ID260" name="instance_71">
                        <matrix>0.7071068 -0.7071068 -2.804489e-29 9.84252 0.7071068 0.7071068 0 2.434574 1.983073e-29 -1.983073e-29 1 0.3740157 0 0 0 1</matrix>
                        <instance_node url="#ID174" />
                    </node>
                    <node id="ID261" name="instance_72">
                        <matrix>0.7071068 -0.7071068 -2.804489e-29 9.84252 0.7071068 0.7071068 0 8.781831 1.983073e-29 -1.983073e-29 1 0.3740157 0 0 0 1</matrix>
                        <instance_node url="#ID174" />
                    </node>
                    <node id="ID262" name="instance_73">
                        <matrix>0.7071068 -0.7071068 -2.804489e-29 9.84252 0.7071068 0.7071068 0 27.8236 1.983073e-29 -1.983073e-29 1 0.3740157 0 0 0 1</matrix>
                        <instance_node url="#ID174" />
                    </node>
                    <node id="ID263" name="instance_74">
                        <matrix>0.7071068 -0.7071068 -2.804489e-29 8.255705 0.7071068 0.7071068 0 51.62582 1.983073e-29 -1.983073e-29 1 0.3740157 0 0 0 1</matrix>
                        <instance_node url="#ID174" />
                    </node>
                    <node id="ID264" name="instance_75">
                        <matrix>0.7071068 -0.7071068 -2.804489e-29 8.255705 0.7071068 0.7071068 0 38.93131 1.983073e-29 -1.983073e-29 1 0.3740157 0 0 0 1</matrix>
                        <instance_node url="#ID174" />
                    </node>
                    <node id="ID265" name="instance_76">
                        <matrix>0.7071068 -0.7071068 -2.804489e-29 9.84252 0.7071068 0.7071068 0 56.38626 1.983073e-29 -1.983073e-29 1 0.3740157 0 0 0 1</matrix>
                        <instance_node url="#ID174" />
                    </node>
                    <node id="ID266" name="instance_77">
                        <matrix>0.7071068 -0.7071068 -2.804489e-29 9.84252 0.7071068 0.7071068 0 59.55989 1.983073e-29 -1.983073e-29 1 0.3740157 0 0 0 1</matrix>
                        <instance_node url="#ID174" />
                    </node>
                    <node id="ID267" name="instance_78">
                        <matrix>0.7071068 -0.7071068 -2.804489e-29 6.668891 0.7071068 0.7071068 0 24.64998 1.983073e-29 -1.983073e-29 1 0.3740157 0 0 0 1</matrix>
                        <instance_node url="#ID174" />
                    </node>
                    <node id="ID268" name="instance_79">
                        <matrix>0.7071068 -0.7071068 -2.804489e-29 6.668891 0.7071068 0.7071068 0 56.38626 1.983073e-29 -1.983073e-29 1 0.3740157 0 0 0 1</matrix>
                        <instance_node url="#ID174" />
                    </node>
                    <node id="ID269" name="instance_80">
                        <matrix>0.7071068 -0.7071068 -2.804489e-29 6.668891 0.7071068 0.7071068 0 2.434574 1.983073e-29 -1.983073e-29 1 0.3740157 0 0 0 1</matrix>
                        <instance_node url="#ID174" />
                    </node>
                    <node id="ID270" name="instance_81">
                        <matrix>0.7071068 -0.7071068 -2.804489e-29 5.082076 0.7071068 0.7071068 0 48.45219 1.983073e-29 -1.983073e-29 1 0.3740157 0 0 0 1</matrix>
                        <instance_node url="#ID174" />
                    </node>
                    <node id="ID271" name="instance_82">
                        <matrix>0.7071068 -0.7071068 -2.804489e-29 16.18978 0.7071068 0.7071068 0 34.17086 1.983073e-29 -1.983073e-29 1 0.3740157 0 0 0 1</matrix>
                        <instance_node url="#ID174" />
                    </node>
                    <node id="ID272" name="instance_83">
                        <matrix>0.7071068 -0.7071068 -2.804489e-29 16.18978 0.7071068 0.7071068 0 2.434574 1.983073e-29 -1.983073e-29 1 0.3740157 0 0 0 1</matrix>
                        <instance_node url="#ID174" />
                    </node>
                    <node id="ID273" name="instance_84">
                        <matrix>0.7071068 -0.7071068 -2.804489e-29 16.18978 0.7071068 0.7071068 0 8.781831 1.983073e-29 -1.983073e-29 1 0.3740157 0 0 0 1</matrix>
                        <instance_node url="#ID174" />
                    </node>
                    <node id="ID274" name="instance_85">
                        <matrix>0.7071068 -0.7071068 -2.804489e-29 16.18978 0.7071068 0.7071068 0 46.86538 1.983073e-29 -1.983073e-29 1 0.3740157 0 0 0 1</matrix>
                        <instance_node url="#ID174" />
                    </node>
                    <node id="ID275" name="instance_86">
                        <matrix>0.7071068 -0.7071068 -2.804489e-29 16.18978 0.7071068 0.7071068 0 30.99723 1.983073e-29 -1.983073e-29 1 0.3740157 0 0 0 1</matrix>
                        <instance_node url="#ID174" />
                    </node>
                    <node id="ID276" name="instance_87">
                        <matrix>0.7071068 -0.7071068 -2.804489e-29 6.668891 0.7071068 0.7071068 0 15.12909 1.983073e-29 -1.983073e-29 1 0.3740157 0 0 0 1</matrix>
                        <instance_node url="#ID174" />
                    </node>
                    <node id="ID277" name="instance_88">
                        <matrix>0.7071068 -0.7071068 -2.804489e-29 3.495262 0.7071068 0.7071068 0 27.8236 1.983073e-29 -1.983073e-29 1 0.3740157 0 0 0 1</matrix>
                        <instance_node url="#ID174" />
                    </node>
                    <node id="ID278" name="instance_89">
                        <matrix>0.7071068 -0.7071068 -2.804489e-29 16.18978 0.7071068 0.7071068 0 5.608202 1.983073e-29 -1.983073e-29 1 0.3740157 0 0 0 1</matrix>
                        <instance_node url="#ID174" />
                    </node>
                    <node id="ID279" name="instance_90">
                        <matrix>0.7071068 -0.7071068 -2.804489e-29 16.18978 0.7071068 0.7071068 0 40.51812 1.983073e-29 -1.983073e-29 1 0.3740157 0 0 0 1</matrix>
                        <instance_node url="#ID174" />
                    </node>
                    <node id="ID280" name="instance_91">
                        <matrix>0.7071068 -0.7071068 -2.804489e-29 16.18978 0.7071068 0.7071068 0 37.34449 1.983073e-29 -1.983073e-29 1 0.3740157 0 0 0 1</matrix>
                        <instance_node url="#ID174" />
                    </node>
                    <node id="ID281" name="instance_92">
                        <matrix>0.7071068 -0.7071068 -2.804489e-29 13.01615 0.7071068 0.7071068 0 50.03901 1.983073e-29 -1.983073e-29 1 0.3740157 0 0 0 1</matrix>
                        <instance_node url="#ID174" />
                    </node>
                    <node id="ID282" name="instance_93">
                        <matrix>0.7071068 -0.7071068 -2.804489e-29 14.60296 0.7071068 0.7071068 0 13.54227 1.983073e-29 -1.983073e-29 1 0.3740157 0 0 0 1</matrix>
                        <instance_node url="#ID174" />
                    </node>
                    <node id="ID283" name="instance_94">
                        <matrix>0.7071068 -0.7071068 -2.804489e-29 14.60296 0.7071068 0.7071068 0 48.45219 1.983073e-29 -1.983073e-29 1 0.3740157 0 0 0 1</matrix>
                        <instance_node url="#ID174" />
                    </node>
                    <node id="ID284" name="instance_95">
                        <matrix>0.7071068 -0.7071068 -2.804489e-29 14.60296 0.7071068 0.7071068 0 29.41042 1.983073e-29 -1.983073e-29 1 0.3740157 0 0 0 1</matrix>
                        <instance_node url="#ID174" />
                    </node>
                    <node id="ID285" name="instance_96">
                        <matrix>0.7071068 -0.7071068 -2.804489e-29 5.082076 0.7071068 0.7071068 0 29.41042 1.983073e-29 -1.983073e-29 1 0.3740157 0 0 0 1</matrix>
                        <instance_node url="#ID174" />
                    </node>
                    <node id="ID286" name="instance_97">
                        <matrix>0.7071068 -0.7071068 -2.804489e-29 5.082076 0.7071068 0.7071068 0 57.97308 1.983073e-29 -1.983073e-29 1 0.3740157 0 0 0 1</matrix>
                        <instance_node url="#ID174" />
                    </node>
                    <node id="ID287" name="instance_98">
                        <matrix>0.7071068 -0.7071068 -2.804489e-29 17.77659 0.7071068 0.7071068 0 54.79945 1.983073e-29 -1.983073e-29 1 0.3740157 0 0 0 1</matrix>
                        <instance_node url="#ID174" />
                    </node>
                    <node id="ID288" name="instance_99">
                        <matrix>0.7071068 -0.7071068 -2.804489e-29 17.77659 0.7071068 0.7071068 0 29.41042 1.983073e-29 -1.983073e-29 1 0.3740157 0 0 0 1</matrix>
                        <instance_node url="#ID174" />
                    </node>
                    <node id="ID289" name="instance_100">
                        <matrix>0.7071068 -0.7071068 -2.804489e-29 17.77659 0.7071068 0.7071068 0 57.97308 1.983073e-29 -1.983073e-29 1 0.3740157 0 0 0 1</matrix>
                        <instance_node url="#ID174" />
                    </node>
                    <node id="ID290" name="instance_101">
                        <matrix>0.7071068 -0.7071068 -2.804489e-29 17.77659 0.7071068 0.7071068 0 45.27856 1.983073e-29 -1.983073e-29 1 0.3740157 0 0 0 1</matrix>
                        <instance_node url="#ID174" />
                    </node>
                    <node id="ID291" name="instance_102">
                        <matrix>0.7071068 -0.7071068 -2.804489e-29 9.84252 0.7071068 0.7071068 0 11.95546 1.983073e-29 -1.983073e-29 1 0.3740157 0 0 0 1</matrix>
                        <instance_node url="#ID174" />
                    </node>
                    <node id="ID292" name="instance_103">
                        <matrix>0.7071068 -0.7071068 -2.804489e-29 11.42933 0.7071068 0.7071068 0 35.75768 1.983073e-29 -1.983073e-29 1 0.3740157 0 0 0 1</matrix>
                        <instance_node url="#ID174" />
                    </node>
                    <node id="ID293" name="instance_104">
                        <matrix>0.7071068 -0.7071068 -2.804489e-29 11.42933 0.7071068 0.7071068 0 13.54227 1.983073e-29 -1.983073e-29 1 0.3740157 0 0 0 1</matrix>
                        <instance_node url="#ID174" />
                    </node>
                    <node id="ID294" name="instance_105">
                        <matrix>0.7071068 -0.7071068 -2.804489e-29 3.495262 0.7071068 0.7071068 0 24.64998 1.983073e-29 -1.983073e-29 1 0.3740157 0 0 0 1</matrix>
                        <instance_node url="#ID174" />
                    </node>
                    <node id="ID295" name="instance_106">
                        <matrix>0.7071068 -0.7071068 -2.804489e-29 14.60296 0.7071068 0.7071068 0 4.021388 1.983073e-29 -1.983073e-29 1 0.3740157 0 0 0 1</matrix>
                        <instance_node url="#ID174" />
                    </node>
                    <node id="ID296" name="instance_107">
                        <matrix>0.7071068 -0.7071068 -2.804489e-29 14.60296 0.7071068 0.7071068 0 32.58405 1.983073e-29 -1.983073e-29 1 0.3740157 0 0 0 1</matrix>
                        <instance_node url="#ID174" />
                    </node>
                    <node id="ID297" name="instance_108">
                        <matrix>0.7071068 -0.7071068 -2.804489e-29 14.60296 0.7071068 0.7071068 0 54.79945 1.983073e-29 -1.983073e-29 1 0.3740157 0 0 0 1</matrix>
                        <instance_node url="#ID174" />
                    </node>
                    <node id="ID298" name="instance_109">
                        <matrix>0.7071068 -0.7071068 -2.804489e-29 8.255705 0.7071068 0.7071068 0 32.58405 1.983073e-29 -1.983073e-29 1 0.3740157 0 0 0 1</matrix>
                        <instance_node url="#ID174" />
                    </node>
                    <node id="ID299" name="instance_110">
                        <matrix>0.7071068 -0.7071068 -2.804489e-29 8.255705 0.7071068 0.7071068 0 54.79945 1.983073e-29 -1.983073e-29 1 0.3740157 0 0 0 1</matrix>
                        <instance_node url="#ID174" />
                    </node>
                    <node id="ID300" name="instance_111">
                        <matrix>0.7071068 -0.7071068 -2.804489e-29 17.77659 0.7071068 0.7071068 0 10.36865 1.983073e-29 -1.983073e-29 1 0.3740157 0 0 0 1</matrix>
                        <instance_node url="#ID174" />
                    </node>
                    <node id="ID301" name="instance_112">
                        <matrix>0.7071068 -0.7071068 -2.804489e-29 17.77659 0.7071068 0.7071068 0 42.10493 1.983073e-29 -1.983073e-29 1 0.3740157 0 0 0 1</matrix>
                        <instance_node url="#ID174" />
                    </node>
                    <node id="ID302" name="instance_113">
                        <matrix>0.7071068 -0.7071068 -2.804489e-29 8.255705 0.7071068 0.7071068 0 48.45219 1.983073e-29 -1.983073e-29 1 0.3740157 0 0 0 1</matrix>
                        <instance_node url="#ID174" />
                    </node>
                    <node id="ID303" name="instance_114">
                        <matrix>0.7071068 -0.7071068 -2.804489e-29 8.255705 0.7071068 0.7071068 0 61.14671 1.983073e-29 -1.983073e-29 1 0.3740157 0 0 0 1</matrix>
                        <instance_node url="#ID174" />
                    </node>
                    <node id="ID304" name="instance_115">
                        <matrix>0.7071068 -0.7071068 -2.804489e-29 16.18978 0.7071068 0.7071068 0 11.95546 1.983073e-29 -1.983073e-29 1 0.3740157 0 0 0 1</matrix>
                        <instance_node url="#ID174" />
                    </node>
                    <node id="ID305" name="instance_116">
                        <matrix>0.7071068 -0.7071068 -2.804489e-29 16.18978 0.7071068 0.7071068 0 50.03901 1.983073e-29 -1.983073e-29 1 0.3740157 0 0 0 1</matrix>
                        <instance_node url="#ID174" />
                    </node>
                    <node id="ID306" name="instance_117">
                        <matrix>0.7071068 -0.7071068 -2.804489e-29 13.01615 0.7071068 0.7071068 0 8.781831 1.983073e-29 -1.983073e-29 1 0.3740157 0 0 0 1</matrix>
                        <instance_node url="#ID174" />
                    </node>
                    <node id="ID307" name="instance_118">
                        <matrix>0.7071068 -0.7071068 -2.804489e-29 13.01615 0.7071068 0.7071068 0 46.86538 1.983073e-29 -1.983073e-29 1 0.3740157 0 0 0 1</matrix>
                        <instance_node url="#ID174" />
                    </node>
                    <node id="ID308" name="instance_119">
                        <matrix>0.7071068 -0.7071068 -2.804489e-29 13.01615 0.7071068 0.7071068 0 2.434574 1.983073e-29 -1.983073e-29 1 0.3740157 0 0 0 1</matrix>
                        <instance_node url="#ID174" />
                    </node>
                    <node id="ID309" name="instance_120">
                        <matrix>0.7071068 -0.7071068 -2.804489e-29 13.01615 0.7071068 0.7071068 0 34.17086 1.983073e-29 -1.983073e-29 1 0.3740157 0 0 0 1</matrix>
                        <instance_node url="#ID174" />
                    </node>
                    <node id="ID310" name="instance_121">
                        <matrix>0.7071068 -0.7071068 -2.804489e-29 5.082076 0.7071068 0.7071068 0 45.27856 1.983073e-29 -1.983073e-29 1 0.3740157 0 0 0 1</matrix>
                        <instance_node url="#ID174" />
                    </node>
                    <node id="ID311" name="instance_122">
                        <matrix>0.7071068 -0.7071068 -2.804489e-29 8.255705 0.7071068 0.7071068 0 23.06316 1.983073e-29 -1.983073e-29 1 0.3740157 0 0 0 1</matrix>
                        <instance_node url="#ID174" />
                    </node>
                    <node id="ID312" name="instance_123">
                        <matrix>0.7071068 -0.7071068 -2.804489e-29 8.255705 0.7071068 0.7071068 0 26.23679 1.983073e-29 -1.983073e-29 1 0.3740157 0 0 0 1</matrix>
                        <instance_node url="#ID174" />
                    </node>
                    <node id="ID313" name="instance_124">
                        <matrix>0.7071068 -0.7071068 -2.804489e-29 8.255705 0.7071068 0.7071068 0 13.54227 1.983073e-29 -1.983073e-29 1 0.3740157 0 0 0 1</matrix>
                        <instance_node url="#ID174" />
                    </node>
                    <node id="ID314" name="instance_125">
